LINE: THEORY
LINE: HF
LINE: GEOMETRY
GEO:
1 -0.69919862 0.00000000 0.00000000 
1 0.69919862 0.00000000 0.00000000 
LINE: BASISSET
LINE: BASISDIR
LINE: 
BUILDING BASIS
MOLECULE FILE READ
CALCULATING OVERLAP
CALCULATING KINETIC
CALCULATING POTENTIAL
CALCULATING ERIs
Ks PRECALCULATED
0 4
1 4
2 4
3 4
OVERLAP
 1.00000000  0.45529947  0.65829197  0.50906155 
 0.45529947  1.00000000  0.50906155  0.65829197 
 0.65829197  0.50906155  1.00000000  0.85411407 
 0.50906155  0.65829197  0.85411407  1.00000000 

KINETIC
 1.39567838  0.23293994  0.25973500  0.16619448 
 0.23293994  1.39567838  0.16619448  0.25973500 
 0.25973500  0.16619448  0.24191664  0.18490260 
 0.16619448  0.25973500  0.18490260  0.24191664 

POTENTIAL
-2.35633802 -1.04191193 -1.18099376 -0.94540416 
-1.04191193 -2.35633802 -0.94540416 -1.18099376 
-1.18099376 -0.94540416 -1.16905431 -1.03980105 
-0.94540416 -1.18099376 -1.03980105 -1.16905431 

CORE HAMILTONIAN
-0.96065964 -0.80897200 -0.92125876 -0.77920969 
-0.80897200 -0.96065964 -0.77920969 -0.92125876 
-0.92125876 -0.77920969 -0.92713767 -0.85489845 
-0.77920969 -0.92125876 -0.85489845 -0.92713767 

XMat:
 1.29383389 -0.19532466 -0.50160777  0.07554800 
-0.19532466  1.29383390  0.07554800 -0.50160777 
-0.50160777  0.07554800  1.99227160 -1.03932140 
 0.07554800 -0.50160777 -1.03932140  1.99227160 

STARTING SCF
SCF STEP 1	ENERGY: -2.5433293419	EDIFF: -2.5433293419
SCF STEP 2	ENERGY: -1.7928547234	EDIFF: 0.7504746185
SCF STEP 3	ENERGY: -1.8349856205	EDIFF: -0.0421308971
SCF STEP 4	ENERGY: -1.8408496934	EDIFF: -0.0058640729
SCF STEP 5	ENERGY: -1.8417098261	EDIFF: -0.0008601326
SCF STEP 6	ENERGY: -1.8418374846	EDIFF: -0.0001276585
SCF STEP 7	ENERGY: -1.8418564665	EDIFF: -0.0000189820
SCF STEP 8	ENERGY: -1.8418592898	EDIFF: -0.0000028233
SCF STEP 9	ENERGY: -1.8418597098	EDIFF: -0.0000004199
HF RESULT: ELECTRIC: -1.8418597098 TOTAL: -1.1267553192
