LINE: THEORY
LINE: HF
LINE: GEOMETRY
GEO:
1 0.00000000 1.41947712 -0.87926116 
8 0.00000000 0.00000000 0.21981482 
1 0.00000000 -1.41947712 -0.87926116 
LINE: BASISSET
LINE: BASISDIR
LINE: 
BUILDING BASIS
MOLECULE FILE READ
CALCULATING OVERLAP
CALCULATING KINETIC
CALCULATING POTENTIAL
CALCULATING ERIs
Ks PRECALCULATED
0 7
1 7
2 7
3 7
4 7
5 7
6 7
OVERLAP
 0.99999999  0.25593830  0.05490738  0.47954356  0.00000000  0.31306851 -0.24240340 
 0.25593830  0.99999999  0.05490738  0.47954356  0.00000000 -0.31306851 -0.24240340 
 0.05490738  0.05490738  1.00000002  0.23670394  0.00000000  0.00000000 -0.00000000 
 0.47954356  0.47954356  0.23670394  1.00000003  0.00000000  0.00000000  0.00000000 
 0.00000000  0.00000000  0.00000000  0.00000000  1.00000002  0.00000000  0.00000000 
 0.31306851 -0.31306851  0.00000000  0.00000000  0.00000000  1.00000002  0.00000000 
-0.24240340 -0.24240340 -0.00000000  0.00000000  0.00000000  0.00000000  1.00000002 

KINETIC
 0.76003188  0.00944428 -0.00199449  0.13210093  0.00000000  0.22918300 -0.17745233 
 0.00944428  0.76003188 -0.00199449  0.13210093  0.00000000 -0.22918300 -0.17745233 
-0.00199449 -0.00199449  29.00320043 -0.16801094  0.00000000  0.00000000 -0.00000000 
 0.13210093  0.13210093 -0.16801094  0.80812798  0.00000000  0.00000000  0.00000000 
 0.00000000  0.00000000  0.00000000  0.00000000  2.52873125  0.00000000  0.00000000 
 0.22918300 -0.22918300  0.00000000  0.00000000  0.00000000  2.52873125  0.00000000 
-0.17745233 -0.17745233 -0.00000000  0.00000000  0.00000000  0.00000000  2.52873125 

POTENTIAL
-5.86701953 -1.65167327 -1.77811799 -3.92011644  0.00000000 -2.27674692  1.83745246 
-1.65167327 -5.86701953 -1.77811799 -3.92011644  0.00000000  2.27674692  1.83745246 
-1.77811799 -1.77811799 -61.73251420 -7.44678152  0.00000000  0.00000000  0.01929681 
-3.92011644 -3.92011644 -7.44678152 -10.15054212  0.00000000  0.00000000  0.22636035 
 0.00000000  0.00000000  0.00000000  0.00000000 -9.99259376  0.00000000  0.00000000 
-2.27674692  2.27674692  0.00000000  0.00000000  0.00000000 -10.15152415  0.00000000 
 1.83745246  1.83745246  0.01929681  0.22636035  0.00000000  0.00000000 -10.08787460 

CORE HAMILTONIAN
-5.10698765 -1.64222899 -1.78011247 -3.78801551  0.00000000 -2.04756392  1.66000013 
-1.64222899 -5.10698765 -1.78011247 -3.78801551  0.00000000  2.04756392  1.66000013 
-1.78011247 -1.78011247 -32.72931377 -7.61479247  0.00000000  0.00000000  0.01929681 
-3.78801551 -3.78801551 -7.61479247 -9.34241414  0.00000000  0.00000000  0.22636035 
 0.00000000  0.00000000  0.00000000  0.00000000 -7.46386251  0.00000000  0.00000000 
-2.04756392  2.04756392  0.00000000  0.00000000  0.00000000 -7.62279290  0.00000000 
 1.66000013  1.66000013  0.01929681  0.22636035  0.00000000  0.00000000 -7.55914335 

XMat:
 1.21640002 -0.09271034  0.02216982 -0.30114227  0.00000000 -0.23550089  0.14965171 
-0.09271034  1.21640002  0.02216982 -0.30114227  0.00000000  0.23550089  0.14965171 
 0.02216982  0.02216982  1.02423710 -0.14382176  0.00000000 -0.00000000  0.01042142 
-0.30114227 -0.30114227 -0.14382176  1.25377556  0.00000000  0.00000000 -0.11483565 
 0.00000000  0.00000000  0.00000000  0.00000000  0.99999999  0.00000000  0.00000000 
-0.23550089  0.23550089 -0.00000000  0.00000000  0.00000000  1.11658475 -0.00000000 
 0.14965171  0.14965171  0.01042142 -0.11483565  0.00000000 -0.00000000  1.05688006 

STARTING SCF
SCF STEP 1	ENERGY: -127.4537883895	EDIFF: -127.4537883895
SCF STEP 2	ENERGY: -80.5060601017	EDIFF: 46.9477282878
SCF STEP 3	ENERGY: -84.5124901358	EDIFF: -4.0064300341
SCF STEP 4	ENERGY: -84.2054918328	EDIFF: 0.3069983030
SCF STEP 5	ENERGY: -84.2293146531	EDIFF: -0.0238228203
SCF STEP 6	ENERGY: -84.2269170435	EDIFF: 0.0023976097
SCF STEP 7	ENERGY: -84.2267295336	EDIFF: 0.0001875098
SCF STEP 8	ENERGY: -84.2265804692	EDIFF: 0.0001490644
SCF STEP 9	ENERGY: -84.2265200942	EDIFF: 0.0000603750
SCF STEP 10	ENERGY: -84.2264936899	EDIFF: 0.0000264043
SCF STEP 11	ENERGY: -84.2264823283	EDIFF: 0.0000113616
SCF STEP 12	ENERGY: -84.2264774310	EDIFF: 0.0000048973
SCF STEP 13	ENERGY: -84.2264753210	EDIFF: 0.0000021100
SCF STEP 14	ENERGY: -84.2264744118	EDIFF: 0.0000009092
HF RESULT: ELECTRIC: -84.2264744118 TOTAL: -74.9617700074
