LINE: THEORY
LINE: HF
LINE: GEOMETRY
GEO:
1 0.00000000 1.41947712 -0.87926116 
8 0.00000000 0.00000000 0.21981482 
1 0.00000000 -1.41947712 -0.87926116 
LINE: BASISSET
LINE: BASISDIR
LINE: 
BUILDING BASIS
MOLECULE FILE READ
CALCULATING OVERLAP
CALCULATING KINETIC
CALCULATING POTENTIAL
CALCULATING ERIs
Ks PRECALCULATED
0 19
1 19
2 19
3 19
4 19
5 19
6 19
7 19
8 19
9 19
10 19
11 19
12 19
13 19
14 19
15 19
16 19
17 19
18 19
OVERLAP
 1.00000000  0.05417137  0.65829197  0.22847503  0.03610424  0.25425247  0.43191379  0.00000000  0.23108405 -0.17892429  0.00000000  0.46270366 -0.35826324  0.09843197  0.00000000  0.00000000  0.23968638 -0.18943576  0.18311583 
 0.05417137  1.00000000  0.22847503  0.65829197  0.03610424  0.25425247  0.43191379  0.00000000 -0.23108405 -0.17892429  0.00000000 -0.46270366 -0.35826324  0.09843197  0.00000000  0.00000000  0.23968638  0.18943576  0.18311583 
 0.65829197  0.22847503  1.00000000  0.52208647  0.06956561  0.38309394  0.68752434  0.00000000  0.11676828 -0.09041161  0.00000000  0.37926659 -0.29365940  0.23257094  0.00000000  0.00000000  0.25793053 -0.03400966  0.24777435 
 0.22847503  0.65829197  0.52208647  1.00000000  0.06956561  0.38309394  0.68752434  0.00000000 -0.11676828 -0.09041161  0.00000000 -0.37926659 -0.29365940  0.23257094  0.00000000  0.00000000  0.25793053  0.03400966  0.24777435 
 0.03610424  0.03610424  0.06956561  0.06956561  1.00000000  0.23368986  0.16727976  0.00000000  0.00000000 -0.00000000  0.00000000  0.00000000 -0.00000000  0.01935944  0.00000000  0.00000000  0.01935944  0.00000000  0.01935944 
 0.25425247  0.25425247  0.38309394  0.38309394  0.23368986  1.00000000  0.76364081  0.00000000  0.00000000  0.00000000  0.00000000  0.00000000  0.00000000  0.31584856  0.00000000  0.00000000  0.31584856  0.00000000  0.31584856 
 0.43191379  0.43191379  0.68752434  0.68752434  0.16727976  0.76364081  1.00000000  0.00000000  0.00000000  0.00000000  0.00000000  0.00000000  0.00000000  0.40357635  0.00000000  0.00000000  0.40357635  0.00000000  0.40357635 
 0.00000000  0.00000000  0.00000000  0.00000000  0.00000000  0.00000000  0.00000000  1.00000000  0.00000000  0.00000000  0.50152068  0.00000000  0.00000000  0.00000000  0.00000000 -0.00000000  0.00000000  0.00000000  0.00000000 
 0.23108405 -0.23108405  0.11676828 -0.11676828  0.00000000  0.00000000  0.00000000  0.00000000  1.00000000  0.00000000  0.00000000  0.50152068  0.00000000  0.00000000  0.00000000  0.00000000  0.00000000 -0.00000000  0.00000000 
-0.17892429 -0.17892429 -0.09041161 -0.09041161 -0.00000000  0.00000000  0.00000000  0.00000000  0.00000000  1.00000000  0.00000000  0.00000000  0.50152068 -0.00000000  0.00000000  0.00000000 -0.00000000  0.00000000 -0.00000000 
 0.00000000  0.00000000  0.00000000  0.00000000  0.00000000  0.00000000  0.00000000  0.50152068  0.00000000  0.00000000  1.00000000  0.00000000  0.00000000  0.00000000  0.00000000  0.00000000  0.00000000  0.00000000  0.00000000 
 0.46270366 -0.46270366  0.37926659 -0.37926659  0.00000000  0.00000000  0.00000000  0.00000000  0.50152068  0.00000000  0.00000000  1.00000000  0.00000000  0.00000000  0.00000000  0.00000000  0.00000000  0.00000000  0.00000000 
-0.35826324 -0.35826324 -0.29365940 -0.29365940 -0.00000000  0.00000000  0.00000000  0.00000000  0.00000000  0.50152068  0.00000000  0.00000000  1.00000000  0.00000000  0.00000000  0.00000000  0.00000000  0.00000000  0.00000000 
 0.09843197  0.09843197  0.23257094  0.23257094  0.01935944  0.31584856  0.40357635  0.00000000  0.00000000 -0.00000000  0.00000000  0.00000000  0.00000000  0.33333333  0.00000000  0.00000000  0.11111111  0.00000000  0.11111111 
 0.00000000  0.00000000  0.00000000  0.00000000  0.00000000  0.00000000  0.00000000  0.00000000  0.00000000  0.00000000  0.00000000  0.00000000  0.00000000  0.00000000  0.33333333  0.00000000  0.00000000  0.00000000  0.00000000 
 0.00000000  0.00000000  0.00000000  0.00000000  0.00000000  0.00000000  0.00000000 -0.00000000  0.00000000  0.00000000  0.00000000  0.00000000  0.00000000  0.00000000  0.00000000  0.33333333  0.00000000  0.00000000  0.00000000 
 0.23968638  0.23968638  0.25793053  0.25793053  0.01935944  0.31584856  0.40357635  0.00000000  0.00000000 -0.00000000  0.00000000  0.00000000  0.00000000  0.11111111  0.00000000  0.00000000  0.33333333  0.00000000  0.11111111 
-0.18943576  0.18943576 -0.03400966  0.03400966  0.00000000  0.00000000  0.00000000  0.00000000 -0.00000000  0.00000000  0.00000000  0.00000000  0.00000000  0.00000000  0.00000000  0.00000000  0.00000000  0.33333333  0.00000000 
 0.18311583  0.18311583  0.24777435  0.24777435  0.01935944  0.31584856  0.40357635  0.00000000  0.00000000 -0.00000000  0.00000000  0.00000000  0.00000000  0.11111111  0.00000000  0.00000000  0.11111111  0.00000000  0.33333333 

KINETIC
 1.39567838 -0.04604649  0.25973500  0.02638228 -0.02172746  0.02569448  0.14614891  0.00000000  0.18525232 -0.14343759  0.00000000  0.33965091 -0.26298568 -0.04846058  0.00000000  0.00000000  0.19360695 -0.32463585  0.09666206 
-0.04604649  1.39567838  0.02638228  0.25973500 -0.02172746  0.02569448  0.14614891  0.00000000 -0.18525232 -0.14343759  0.00000000 -0.33965091 -0.26298568 -0.04846058  0.00000000  0.00000000  0.19360695  0.32463585  0.09666206 
 0.25973500  0.02638228  0.24191664  0.07157736  0.02179313  0.11158233  0.16307580  0.00000000  0.06727486 -0.05208973  0.00000000  0.16654703 -0.12895441  0.05405466  0.00000000  0.00000000  0.07493618 -0.02800412  0.06657340 
 0.02638228  0.25973500  0.07157736  0.24191664  0.02179313  0.11158233  0.16307580  0.00000000 -0.06727486 -0.05208973  0.00000000 -0.16654703 -0.12895441  0.05405466  0.00000000  0.00000000  0.07493618  0.02800412  0.06657340 
-0.02172746 -0.02172746  0.02179313  0.02179313  29.54014710 -2.18540376  0.13128251  0.00000000  0.00000000 -0.00000000  0.00000000  0.00000000 -0.00000000 -0.26894612  0.00000000  0.00000000 -0.26894612  0.00000000 -0.26894612 
 0.02569448  0.02569448  0.11158233  0.11158233 -2.18540376  1.71121112  0.48004787  0.00000000  0.00000000  0.00000000  0.00000000  0.00000000  0.00000000  0.14420114  0.00000000  0.00000000  0.14420114  0.00000000  0.14420114 
 0.14614891  0.14614891  0.16307580  0.16307580  0.13128251  0.48004787  0.40500873  0.00000000  0.00000000  0.00000000  0.00000000  0.00000000  0.00000000  0.18941873  0.00000000  0.00000000  0.18941873  0.00000000  0.18941873 
 0.00000000  0.00000000  0.00000000  0.00000000  0.00000000  0.00000000  0.00000000  4.25187687  0.00000000  0.00000000  0.54724331  0.00000000  0.00000000  0.00000000  0.00000000 -0.00000000  0.00000000  0.00000000  0.00000000 
 0.18525232 -0.18525232  0.06727486 -0.06727486  0.00000000  0.00000000  0.00000000  0.00000000  4.25187687  0.00000000  0.00000000  0.54724331  0.00000000  0.00000000  0.00000000  0.00000000  0.00000000 -0.00000000  0.00000000 
-0.14343759 -0.14343759 -0.05208973 -0.05208973 -0.00000000  0.00000000  0.00000000  0.00000000  0.00000000  4.25187687  0.00000000  0.00000000  0.54724331 -0.00000000  0.00000000  0.00000000 -0.00000000  0.00000000 -0.00000000 
 0.00000000  0.00000000  0.00000000  0.00000000  0.00000000  0.00000000  0.00000000  0.54724331  0.00000000  0.00000000  0.67501456  0.00000000  0.00000000  0.00000000  0.00000000  0.00000000  0.00000000  0.00000000  0.00000000 
 0.33965091 -0.33965091  0.16654703 -0.16654703  0.00000000  0.00000000  0.00000000  0.00000000  0.54724331  0.00000000  0.00000000  0.67501456  0.00000000  0.00000000  0.00000000  0.00000000  0.00000000  0.00000000  0.00000000 
-0.26298568 -0.26298568 -0.12895441 -0.12895441 -0.00000000  0.00000000  0.00000000  0.00000000  0.00000000  0.54724331  0.00000000  0.00000000  0.67501456  0.00000000  0.00000000  0.00000000  0.00000000  0.00000000  0.00000000 
-0.04846058 -0.04846058  0.05405466  0.05405466 -0.26894612  0.14420114  0.18941873  0.00000000  0.00000000 -0.00000000  0.00000000  0.00000000  0.00000000  0.57777778  0.00000000  0.00000000 -0.04444444  0.00000000 -0.04444444 
 0.00000000  0.00000000  0.00000000  0.00000000  0.00000000  0.00000000  0.00000000  0.00000000  0.00000000  0.00000000  0.00000000  0.00000000  0.00000000  0.00000000  0.93333333  0.00000000  0.00000000  0.00000000  0.00000000 
 0.00000000  0.00000000  0.00000000  0.00000000  0.00000000  0.00000000  0.00000000 -0.00000000  0.00000000  0.00000000  0.00000000  0.00000000  0.00000000  0.00000000  0.00000000  0.93333333  0.00000000  0.00000000  0.00000000 
 0.19360695  0.19360695  0.07493618  0.07493618 -0.26894612  0.14420114  0.18941873  0.00000000  0.00000000 -0.00000000  0.00000000  0.00000000  0.00000000 -0.04444444  0.00000000  0.00000000  0.57777778  0.00000000 -0.04444444 
-0.32463585  0.32463585 -0.02800412  0.02800412  0.00000000  0.00000000  0.00000000  0.00000000 -0.00000000  0.00000000  0.00000000  0.00000000  0.00000000  0.00000000  0.00000000  0.00000000  0.00000000  0.93333333  0.00000000 
 0.09666206  0.09666206  0.06657340  0.06657340 -0.26894612  0.14420114  0.18941873  0.00000000  0.00000000 -0.00000000  0.00000000  0.00000000  0.00000000 -0.04444444  0.00000000  0.00000000 -0.04444444  0.00000000  0.57777778 

POTENTIAL
-6.44968756 -0.43635471 -3.84763489 -1.53532925 -1.14414240 -2.44542693 -3.10389382  0.00000000 -2.01204457  1.58666924  0.00000000 -2.80993434  2.20939150 -0.71346084  0.00000000  0.00000000 -1.72402821  1.36238168 -1.33616258 
-0.43635471 -6.44968756 -1.53532925 -3.84763489 -1.14414240 -2.44542693 -3.10389382  0.00000000  2.01204457  1.58666924  0.00000000  2.80993434  2.20939150 -0.71346084  0.00000000  0.00000000 -1.72402821 -1.36238168 -1.33616258 
-3.84763489 -1.53532925 -4.77593043 -2.91471693 -2.26023348 -3.77088935 -4.57099881  0.00000000 -0.97036711  0.83451999  0.00000000 -1.83961329  1.56908572 -1.57588841  0.00000000  0.00000000 -1.79392532  0.24852759 -1.72296411 
-1.53532925 -3.84763489 -2.91471693 -4.77593043 -2.26023348 -3.77088935 -4.57099881  0.00000000  0.97036711  0.83451999  0.00000000  1.83961329  1.56908572 -1.57588841  0.00000000  0.00000000 -1.79392532 -0.24852759 -1.72296411 
-1.14414240 -1.14414240 -2.26023348 -2.26023348 -62.59526652 -5.18418517 -5.50476147  0.00000000  0.00000000  0.02762305  0.00000000  0.00000000  0.00380641 -0.36635264  0.00000000  0.00000000 -0.36717437  0.00000000 -0.36684528 
-2.44542693 -2.44542693 -3.77088935 -3.77088935 -5.18418517 -11.64481026 -7.87706146  0.00000000  0.00000000  0.18777171  0.00000000  0.00000000  0.11982464 -2.80938633  0.00000000  0.00000000 -2.86496683  0.00000000 -2.84270756 
-3.10389382 -3.10389382 -4.57099881 -4.57099881 -5.50476147 -7.87706146 -7.67845043  0.00000000  0.00000000  0.17685956  0.00000000  0.00000000  0.24739732 -2.89774996  0.00000000  0.00000000 -2.99208890  0.00000000 -2.95430738 
 0.00000000  0.00000000  0.00000000  0.00000000  0.00000000  0.00000000  0.00000000 -12.69044201  0.00000000  0.00000000 -4.27480075  0.00000000  0.00000000  0.00000000  0.00000000  0.06475955  0.00000000  0.00000000  0.00000000 
-2.01204457  2.01204457 -0.97036711  0.97036711  0.00000000  0.00000000  0.00000000  0.00000000 -12.80073641  0.00000000  0.00000000 -4.37464606  0.00000000  0.00000000  0.00000000  0.00000000  0.00000000  0.12249170  0.00000000 
 1.58666924  1.58666924  0.83451999  0.83451999  0.02762305  0.18777171  0.17685956  0.00000000  0.00000000 -12.75656494  0.00000000  0.00000000 -4.33465931  0.03738895  0.00000000  0.00000000  0.07072062  0.00000000  0.13214961 
 0.00000000  0.00000000  0.00000000  0.00000000  0.00000000  0.00000000  0.00000000 -4.27480075  0.00000000  0.00000000 -5.25067008  0.00000000  0.00000000  0.00000000  0.00000000  0.07597787  0.00000000  0.00000000  0.00000000 
-2.80993434  2.80993434 -1.83961329  1.83961329  0.00000000  0.00000000  0.00000000  0.00000000 -4.37464606  0.00000000  0.00000000 -5.47500174  0.00000000  0.00000000  0.00000000  0.00000000  0.00000000  0.17423273  0.00000000 
 2.20939150  2.20939150  1.56908572  1.56908572  0.00380641  0.11982464  0.24739732  0.00000000  0.00000000 -4.33465931  0.00000000  0.00000000 -5.38515984  0.04386584  0.00000000  0.00000000  0.10059331  0.00000000  0.16560639 
-0.71346084 -0.71346084 -1.57588841 -1.57588841 -0.36635264 -2.80938633 -2.89774996  0.00000000  0.00000000  0.03738895  0.00000000  0.00000000  0.04386584 -2.33971923  0.00000000  0.00000000 -0.79187136  0.00000000 -0.78707955 
 0.00000000  0.00000000  0.00000000  0.00000000  0.00000000  0.00000000  0.00000000  0.00000000  0.00000000  0.00000000  0.00000000  0.00000000  0.00000000  0.00000000 -2.37561407  0.00000000  0.00000000  0.00000000  0.00000000 
 0.00000000  0.00000000  0.00000000  0.00000000  0.00000000  0.00000000  0.00000000  0.06475955  0.00000000  0.00000000  0.07597787  0.00000000  0.00000000  0.00000000  0.00000000 -2.36123865  0.00000000  0.00000000  0.00000000 
-1.72402821 -1.72402821 -1.79392532 -1.79392532 -0.36717437 -2.86496683 -2.99208890  0.00000000  0.00000000  0.07072062  0.00000000  0.00000000  0.10059331 -0.79187136  0.00000000  0.00000000 -2.44371401  0.00000000 -0.81835188 
 1.36238168 -1.36238168  0.24852759 -0.24852759  0.00000000  0.00000000  0.00000000  0.00000000  0.12249170  0.00000000  0.00000000  0.17423273  0.00000000  0.00000000  0.00000000  0.00000000  0.00000000 -2.45505564  0.00000000 
-1.33616258 -1.33616258 -1.72296411 -1.72296411 -0.36684528 -2.84270756 -2.95430738  0.00000000  0.00000000  0.13214961  0.00000000  0.00000000  0.16560639 -0.78707955  0.00000000  0.00000000 -0.81835188  0.00000000 -2.39433310 

CORE HAMILTONIAN
-5.05400918 -0.48240120 -3.58789990 -1.50894697 -1.16586986 -2.41973245 -2.95774491  0.00000000 -1.82679225  1.44323165  0.00000000 -2.47028343  1.94640582 -0.76192142  0.00000000  0.00000000 -1.53042126  1.03774583 -1.23950052 
-0.48240120 -5.05400918 -1.50894697 -3.58789990 -1.16586986 -2.41973245 -2.95774491  0.00000000  1.82679225  1.44323165  0.00000000  2.47028343  1.94640582 -0.76192142  0.00000000  0.00000000 -1.53042126 -1.03774583 -1.23950052 
-3.58789990 -1.50894697 -4.53401379 -2.84313957 -2.23844035 -3.65930703 -4.40792302  0.00000000 -0.90309225  0.78243026  0.00000000 -1.67306626  1.44013130 -1.52183374  0.00000000  0.00000000 -1.71898914  0.22052347 -1.65639071 
-1.50894697 -3.58789990 -2.84313957 -4.53401379 -2.23844035 -3.65930703 -4.40792302  0.00000000  0.90309225  0.78243026  0.00000000  1.67306626  1.44013130 -1.52183374  0.00000000  0.00000000 -1.71898914 -0.22052347 -1.65639071 
-1.16586986 -1.16586986 -2.23844035 -2.23844035 -33.05511942 -7.36958893 -5.37347895  0.00000000  0.00000000  0.02762305  0.00000000  0.00000000  0.00380641 -0.63529876  0.00000000  0.00000000 -0.63612048  0.00000000 -0.63579139 
-2.41973245 -2.41973245 -3.65930703 -3.65930703 -7.36958893 -9.93359914 -7.39701359  0.00000000  0.00000000  0.18777171  0.00000000  0.00000000  0.11982464 -2.66518519  0.00000000  0.00000000 -2.72076569  0.00000000 -2.69850643 
-2.95774491 -2.95774491 -4.40792302 -4.40792302 -5.37347895 -7.39701359 -7.27344170  0.00000000  0.00000000  0.17685956  0.00000000  0.00000000  0.24739732 -2.70833123  0.00000000  0.00000000 -2.80267017  0.00000000 -2.76488865 
 0.00000000  0.00000000  0.00000000  0.00000000  0.00000000  0.00000000  0.00000000 -8.43856514  0.00000000  0.00000000 -3.72755744  0.00000000  0.00000000  0.00000000  0.00000000  0.06475955  0.00000000  0.00000000  0.00000000 
-1.82679225  1.82679225 -0.90309225  0.90309225  0.00000000  0.00000000  0.00000000  0.00000000 -8.54885954  0.00000000  0.00000000 -3.82740275  0.00000000  0.00000000  0.00000000  0.00000000  0.00000000  0.12249170  0.00000000 
 1.44323165  1.44323165  0.78243026  0.78243026  0.02762305  0.18777171  0.17685956  0.00000000  0.00000000 -8.50468807  0.00000000  0.00000000 -3.78741601  0.03738895  0.00000000  0.00000000  0.07072062  0.00000000  0.13214961 
 0.00000000  0.00000000  0.00000000  0.00000000  0.00000000  0.00000000  0.00000000 -3.72755744  0.00000000  0.00000000 -4.57565553  0.00000000  0.00000000  0.00000000  0.00000000  0.07597787  0.00000000  0.00000000  0.00000000 
-2.47028343  2.47028343 -1.67306626  1.67306626  0.00000000  0.00000000  0.00000000  0.00000000 -3.82740275  0.00000000  0.00000000 -4.79998718  0.00000000  0.00000000  0.00000000  0.00000000  0.00000000  0.17423273  0.00000000 
 1.94640582  1.94640582  1.44013130  1.44013130  0.00380641  0.11982464  0.24739732  0.00000000  0.00000000 -3.78741601  0.00000000  0.00000000 -4.71014528  0.04386584  0.00000000  0.00000000  0.10059331  0.00000000  0.16560639 
-0.76192142 -0.76192142 -1.52183374 -1.52183374 -0.63529876 -2.66518519 -2.70833123  0.00000000  0.00000000  0.03738895  0.00000000  0.00000000  0.04386584 -1.76194146  0.00000000  0.00000000 -0.83631580  0.00000000 -0.83152400 
 0.00000000  0.00000000  0.00000000  0.00000000  0.00000000  0.00000000  0.00000000  0.00000000  0.00000000  0.00000000  0.00000000  0.00000000  0.00000000  0.00000000 -1.44228073  0.00000000  0.00000000  0.00000000  0.00000000 
 0.00000000  0.00000000  0.00000000  0.00000000  0.00000000  0.00000000  0.00000000  0.06475955  0.00000000  0.00000000  0.07597787  0.00000000  0.00000000  0.00000000  0.00000000 -1.42790532  0.00000000  0.00000000  0.00000000 
-1.53042126 -1.53042126 -1.71898914 -1.71898914 -0.63612048 -2.72076569 -2.80267017  0.00000000  0.00000000  0.07072062  0.00000000  0.00000000  0.10059331 -0.83631580  0.00000000  0.00000000 -1.86593623  0.00000000 -0.86279632 
 1.03774583 -1.03774583  0.22052347 -0.22052347  0.00000000  0.00000000  0.00000000  0.00000000  0.12249170  0.00000000  0.00000000  0.17423273  0.00000000  0.00000000  0.00000000  0.00000000  0.00000000 -1.52172230  0.00000000 
-1.23950052 -1.23950052 -1.65639071 -1.65639071 -0.63579139 -2.69850643 -2.76488865  0.00000000  0.00000000  0.13214961  0.00000000  0.00000000  0.16560639 -0.83152400  0.00000000  0.00000000 -0.86279632  0.00000000 -1.81655532 

XMat:
 1.61514194 -0.00308158 -0.29112059  0.02133928  0.00503831  0.06047940 -0.28144232  0.00000000 -0.05943739  0.04151623  0.00000000 -0.36804933  0.30048323  0.16081707  0.00000000  0.00000000 -0.30335149  0.45850760 -0.11745804 
-0.00308158  1.61514196  0.02133928 -0.29112060  0.00503832  0.06047939 -0.28144231  0.00000000  0.05943740  0.04151623  0.00000000  0.36804933  0.30048323  0.16081710  0.00000000  0.00000000 -0.30335150 -0.45850761 -0.11745803 
-0.29112059  0.02133928  1.95023208 -0.36440594  0.03487758  0.15141897 -0.97175851  0.00000000  0.11047158 -0.05582514  0.00000000 -0.56240288  0.26554677  0.16162244  0.00000000  0.00000000  0.15435210  0.02105348  0.15726378 
 0.02133928 -0.29112060 -0.36440594  1.95023210  0.03487757  0.15141899 -0.97175852  0.00000000 -0.11047158 -0.05582514  0.00000000  0.56240288  0.26554677  0.16162241  0.00000000  0.00000000  0.15435212 -0.02105347  0.15726377 
 0.00503831  0.00503832  0.03487758  0.03487757  1.04834443 -0.11763108 -0.27292188  0.00000000  0.00000000 -0.00513909  0.00000000 -0.00000000  0.02706618  0.17930288  0.00000000  0.00000000  0.16645351 -0.00000000  0.17159951 
 0.06047940  0.06047939  0.15141897  0.15141899 -0.11763108  1.57267070 -0.93971581  0.00000000  0.00000000 -0.02289055  0.00000000 -0.00000000  0.15157647 -0.05103028  0.00000000  0.00000000 -0.16496791  0.00000001 -0.11933737 
-0.28144232 -0.28144231 -0.97175851 -0.97175852 -0.27292188 -0.93971581  4.84237091  0.00000000  0.00000000  0.10398218  0.00000000 -0.00000000 -0.74458076 -1.75160256  0.00000000  0.00000000 -1.31666562 -0.00000001 -1.49085219 
 0.00000000  0.00000000  0.00000000  0.00000000  0.00000000  0.00000000  0.00000000  1.11622604  0.00000000  0.00000000 -0.30014302  0.00000000  0.00000000  0.00000000  0.00000000 -0.00000000  0.00000000  0.00000000  0.00000000 
-0.05943739  0.05943740  0.11047158 -0.11047158  0.00000000  0.00000000  0.00000000  0.00000000  1.13860694 -0.00000000  0.00000000 -0.35389068 -0.00000000  0.00000001  0.00000000  0.00000000  0.00000000 -0.01481318  0.00000000 
 0.04151623  0.04151623 -0.05582514 -0.05582514 -0.00513909 -0.02289055  0.10398218  0.00000000 -0.00000000  1.12578153  0.00000000  0.00000000 -0.31661114 -0.02563135  0.00000000  0.00000000 -0.03604232  0.00000000 -0.03187286 
 0.00000000  0.00000000  0.00000000  0.00000000  0.00000000  0.00000000  0.00000000 -0.30014302  0.00000000  0.00000000  1.11622604  0.00000000  0.00000000  0.00000000  0.00000000  0.00000000  0.00000000  0.00000000  0.00000000 
-0.36804933  0.36804933 -0.56240288  0.56240288 -0.00000000 -0.00000000 -0.00000000  0.00000000 -0.35389068  0.00000000  0.00000000  1.79707400 -0.00000000 -0.00000000  0.00000000  0.00000000 -0.00000000 -0.38272392  0.00000000 
 0.30048323  0.30048323  0.26554677  0.26554677  0.02706618  0.15157647 -0.74458076  0.00000000 -0.00000000 -0.31661114  0.00000000 -0.00000000  1.44198823  0.22562666  0.00000000  0.00000000 -0.07430513 -0.00000000  0.04581364 
 0.16081707  0.16081710  0.16162244  0.16162241  0.17930288 -0.05103028 -1.75160256  0.00000000  0.00000001 -0.02563135  0.00000000 -0.00000000  0.22562666  2.88775266  0.00000000  0.00000000  0.55623709 -0.00000002  0.64041753 
 0.00000000  0.00000000  0.00000000  0.00000000  0.00000000  0.00000000  0.00000000  0.00000000  0.00000000  0.00000000  0.00000000  0.00000000  0.00000000  0.00000000  1.73205081  0.00000000  0.00000000  0.00000000  0.00000000 
 0.00000000  0.00000000  0.00000000  0.00000000  0.00000000  0.00000000  0.00000000 -0.00000000  0.00000000  0.00000000  0.00000000  0.00000000  0.00000000  0.00000000  0.00000000  1.73205081  0.00000000  0.00000000  0.00000000 
-0.30335149 -0.30335150  0.15435210  0.15435212  0.16645351 -0.16496791 -1.31666562  0.00000000  0.00000000 -0.03604232  0.00000000 -0.00000000 -0.07430513  0.55623709  0.00000000  0.00000000  2.91277281  0.00000000  0.69725177 
 0.45850760 -0.45850761  0.02105348 -0.02105347 -0.00000000  0.00000001 -0.00000001  0.00000000 -0.01481318  0.00000000  0.00000000 -0.38272392 -0.00000000 -0.00000002  0.00000000  0.00000000  0.00000000  2.13948409 -0.00000000 
-0.11745804 -0.11745803  0.15726378  0.15726377  0.17159951 -0.11933737 -1.49085219  0.00000000  0.00000000 -0.03187286  0.00000000  0.00000000  0.04581364  0.64041753  0.00000000  0.00000000  0.69725177 -0.00000000  2.79581074 

STARTING SCF
SCF STEP 1	ENERGY: -135.5076646366	EDIFF: -135.5076646366
SCF STEP 2	ENERGY: -68.7052474569	EDIFF: 66.8024171797
SCF STEP 3	ENERGY: -97.6009534310	EDIFF: -28.8957059742
SCF STEP 4	ENERGY: -76.9534818345	EDIFF: 20.6474715965
SCF STEP 5	ENERGY: -90.5796794417	EDIFF: -13.6261976072
SCF STEP 6	ENERGY: -82.0629543144	EDIFF: 8.5167251272
SCF STEP 7	ENERGY: -87.1999118141	EDIFF: -5.1369574996
SCF STEP 8	ENERGY: -84.1486932742	EDIFF: 3.0512185399
SCF STEP 9	ENERGY: -85.9387901186	EDIFF: -1.7900968444
SCF STEP 10	ENERGY: -84.8884753140	EDIFF: 1.0503148046
SCF STEP 11	ENERGY: -85.5021379674	EDIFF: -0.6136626534
SCF STEP 12	ENERGY: -85.1430860452	EDIFF: 0.3590519222
SCF STEP 13	ENERGY: -85.3528347511	EDIFF: -0.2097487059
SCF STEP 14	ENERGY: -85.2302037960	EDIFF: 0.1226309551
SCF STEP 15	ENERGY: -85.3018538315	EDIFF: -0.0716500355
SCF STEP 16	ENERGY: -85.2599734338	EDIFF: 0.0418803977
SCF STEP 17	ENERGY: -85.2844456693	EDIFF: -0.0244722355
SCF STEP 18	ENERGY: -85.2701426586	EDIFF: 0.0143030107
SCF STEP 19	ENERGY: -85.2785008860	EDIFF: -0.0083582274
SCF STEP 20	ENERGY: -85.2736160492	EDIFF: 0.0048848368
SCF STEP 21	ENERGY: -85.2764706730	EDIFF: -0.0028546238
SCF STEP 22	ENERGY: -85.2748023662	EDIFF: 0.0016683068
SCF STEP 23	ENERGY: -85.2757773136	EDIFF: -0.0009749474
SCF STEP 24	ENERGY: -85.2752075387	EDIFF: 0.0005697749
SCF STEP 25	ENERGY: -85.2755405142	EDIFF: -0.0003329755
SCF STEP 26	ENERGY: -85.2753459193	EDIFF: 0.0001945949
SCF STEP 27	ENERGY: -85.2754596408	EDIFF: -0.0001137215
SCF STEP 28	ENERGY: -85.2753931808	EDIFF: 0.0000664600
SCF STEP 29	ENERGY: -85.2754320202	EDIFF: -0.0000388394
SCF STEP 30	ENERGY: -85.2754093221	EDIFF: 0.0000226981
SCF STEP 31	ENERGY: -85.2754225870	EDIFF: -0.0000132649
SCF STEP 32	ENERGY: -85.2754148349	EDIFF: 0.0000077521
SCF STEP 33	ENERGY: -85.2754193653	EDIFF: -0.0000045304
SCF STEP 34	ENERGY: -85.2754167177	EDIFF: 0.0000026476
SCF STEP 35	ENERGY: -85.2754182649	EDIFF: -0.0000015473
SCF STEP 36	ENERGY: -85.2754173607	EDIFF: 0.0000009042
HF RESULT: ELECTRIC: -85.2754173607 TOTAL: -76.0107129563
